version https://git-lfs.github.com/spec/v1
oid sha256:fbbedd8cb7890411d83f027eb46fcc3cbb4efac3f718d178c3ce727a4e5011f7
size 765287
